5.335124209523200989e-02
5.321918055415153503e-02
3.569154813885688782e-02
7.104694843292236328e-02
2.304643839597702026e-01
2.053974866867065430e-01
9.684618562459945679e-02
7.852621376514434814e-02
1.032569780945777893e-01
2.358187288045883179e-01
2.085188478231430054e-01
7.101093977689743042e-02
3.856080025434494019e-02
1.289481818675994873e-01
3.086424767971038818e-01
8.558528870344161987e-02
6.309948861598968506e-02
5.293105915188789368e-02
5.156246572732925415e-02
1.544952988624572754e-01
1.727912724018096924e-01
3.679602965712547302e-02
9.714632481336593628e-02
6.743337959051132202e-02
8.307619392871856689e-02
1.244702264666557312e-01
2.785213291645050049e-02
1.687214970588684082e-01
8.038701862096786499e-02
6.155081465840339661e-02
1.397888958454132080e-01
3.531938418745994568e-02
4.130999371409416199e-02
7.086687535047531128e-02
2.953046262264251709e-01
6.862189620733261108e-02
5.895768478512763977e-02
1.664525121450424194e-01
1.644836515188217163e-01
4.205432161688804626e-02
7.089088112115859985e-02
1.867293566465377808e-01
1.039412766695022583e-01
1.165827885270118713e-01
3.992939367890357971e-02
1.203284189105033875e-01
5.295506864786148071e-02
9.846689552068710327e-02
1.074588075280189514e-01
1.404011696577072144e-01
7.484060525894165039e-02
5.972601845860481262e-02
1.267632246017456055e-01
7.653333991765975952e-02
3.190990164875984192e-02
3.731225430965423584e-02
3.225805237889289856e-02
2.755920588970184326e-01
1.301967203617095947e-01
5.725294351577758789e-02
2.883056104183197021e-01
4.049364104866981506e-02
9.150385856628417969e-02
8.348437398672103882e-02
6.803363561630249023e-02
6.433602422475814819e-02
1.185516491532325745e-01
3.132524490356445312e-01
7.396422326564788818e-02
3.515131399035453796e-02
5.354332551360130310e-02
5.646059662103652954e-02
4.323083162307739258e-02
1.654440760612487793e-01
6.527243554592132568e-02
5.447972938418388367e-02
4.736063256859779358e-02
6.628087162971496582e-02
5.308712646365165710e-02
1.369796842336654663e-01
1.073507666587829590e-01
2.698775567114353180e-02
3.022916987538337708e-02
4.659229889512062073e-02
5.115428566932678223e-02
5.812932178378105164e-02
1.540150940418243408e-01
1.074468046426773071e-01
4.836907237768173218e-02
9.743444621562957764e-02
4.375906288623809814e-02
1.701381206512451172e-01
1.078789979219436646e-01
8.951099961996078491e-02
9.092761576175689697e-02
2.223608791828155518e-01
1.194280311465263367e-01
1.269793212413787842e-01
6.577665358781814575e-02
7.544086873531341553e-02
8.237989246845245361e-02
1.240740567445755005e-01
4.311318099498748779e-01
9.735041111707687378e-02
1.143978387117385864e-01
1.315653175115585327e-01
3.185107409954071045e-01
1.003397107124328613e-01
3.252216801047325134e-02
7.008653134107589722e-02
1.684093624353408813e-01
7.488862425088882446e-02
6.623285263776779175e-02
7.156317681074142456e-02
7.871829718351364136e-02
5.965398624539375305e-02
1.000275760889053345e-01
1.590933054685592651e-01
1.034130454063415527e-01
5.757708102464675903e-02
3.306240215897560120e-02
4.676037281751632690e-02
1.348427385091781616e-01
1.598496288061141968e-01
6.798561662435531616e-02
3.608772158622741699e-02
1.114565506577491760e-01
2.362149059772491455e-01
1.671368181705474854e-01
2.798299193382263184e-01
6.446808576583862305e-02
2.542587518692016602e-01
9.163592010736465454e-02
1.041573807597160339e-01
6.272732466459274292e-02
3.515131399035453796e-02
1.103400737047195435e-01
1.423580199480056763e-01
8.765017986297607422e-02
9.670212864875793457e-02
5.271496251225471497e-02
3.684405237436294556e-02
3.654392063617706299e-02
3.567954525351524353e-02
3.180185332894325256e-02
1.460916399955749512e-01
7.867027074098587036e-02
8.915083855390548706e-02
3.650430142879486084e-01
8.385653048753738403e-02
8.322025835514068604e-02
1.021765097975730896e-01
2.183511257171630859e-01
3.433495759963989258e-02
6.242719292640686035e-02
9.664209932088851929e-02
2.318450063467025757e-01
7.408427447080612183e-02
3.499524667859077454e-02
6.847783178091049194e-02
6.662902235984802246e-02
1.028247997164726257e-01
5.604041367769241333e-02
7.133507728576660156e-02
6.061440706253051758e-02
6.546451896429061890e-02
9.284844994544982910e-02
5.793724209070205688e-02
7.436039298772811890e-02
1.051057800650596619e-01
1.107362434267997742e-01
2.407888919115066528e-01
6.333959102630615234e-02
5.661666393280029297e-02
1.265351176261901855e-01
2.855443954467773438e-01
1.638113707304000854e-01
6.708522886037826538e-02
1.249864473938941956e-01
5.676072835922241211e-02
1.656841784715652466e-01
3.190630078315734863e-01
8.779544830322265625e-01
1.071826964616775513e-01
7.463651150465011597e-02
3.037323057651519775e-02
7.551290094852447510e-02
7.078283280134201050e-02
8.849054574966430664e-02
8.921086043119430542e-02
6.724129617214202881e-02
2.197797298431396484e-01
8.122738450765609741e-02
6.153881177306175232e-02
6.216308102011680603e-02
1.759606450796127319e-01
6.760144978761672974e-02
3.637584671378135681e-02
3.715618699789047241e-02
4.857316240668296814e-02
7.107096165418624878e-02
2.976216673851013184e-01
1.542792171239852905e-01
8.478093147277832031e-02
1.549875140190124512e-01
1.126090511679649353e-01
6.563259661197662354e-02
7.377213984727859497e-02
6.188696250319480896e-02
1.489608883857727051e-01
7.185130566358566284e-02
2.319530546665191650e-01
6.173089146614074707e-02
1.740158051252365112e-01
1.361513137817382812e-01
5.646059662103652954e-02
1.794061511754989624e-01
1.735836118459701538e-01
1.052138358354568481e-01
1.912313103675842285e-01
8.135943859815597534e-02
7.721763849258422852e-02
7.139509916305541992e-02
9.336467832326889038e-02
1.090675145387649536e-01
9.230821579694747925e-02
5.426364019513130188e-02
5.449173972010612488e-02
6.277534365653991699e-02
3.110555186867713928e-02
5.479186773300170898e-02
1.754204183816909790e-01
1.112404614686965942e-01
6.928218156099319458e-02
7.436039298772811890e-02
4.558385536074638367e-02
1.542792171239852905e-01
3.338654339313507080e-02
7.803399860858917236e-02
8.437275141477584839e-02
3.985736519098281860e-02
1.331860274076461792e-01
1.308449953794479370e-01
5.656864121556282043e-02
2.567918598651885986e-02
6.257125735282897949e-02
1.577007025480270386e-01
1.713506430387496948e-01
3.392678126692771912e-02
1.867173463106155396e-01
1.050097495317459106e-01
7.301580905914306641e-02
6.859788298606872559e-02
2.804541885852813721e-01
1.140256747603416443e-01
1.155023127794265747e-01
2.293839305639266968e-01
3.216201066970825195e-02
3.812861070036888123e-02
7.646130770444869995e-02
1.452632844448089600e-01
9.126376360654830933e-02
7.427635788917541504e-02
4.351895675063133240e-02
6.165885925292968750e-02
1.214449033141136169e-01
3.503125905990600586e-02
1.013001352548599243e-01
1.400530189275741577e-01
7.156317681074142456e-02
2.018319219350814819e-01
7.527279108762741089e-02
7.182729244232177734e-02
7.276370376348495483e-02
5.640056729316711426e-02
5.440770462155342102e-02
1.074828281998634338e-01
1.277716606855392456e-01
8.317343592643737793e-01
1.867293566465377808e-01
1.190438643097877502e-01
9.396493434906005859e-02
1.044454947113990784e-01
7.976274937391281128e-02
5.887364968657493591e-02
4.351895675063133240e-02
6.686913222074508667e-02
8.067514747381210327e-02
1.245782747864723206e-01
1.459595859050750732e-01
6.875395029783248901e-02
6.647296249866485596e-02
5.030071139335632324e-01
8.323226124048233032e-02
1.578807681798934937e-01
5.803328379988670349e-02
1.712425947189331055e-01
7.826209068298339844e-02
3.599167987704277039e-02
1.055499836802482605e-01
9.873101115226745605e-02
1.779415160417556763e-01
8.412064611911773682e-02
5.956995114684104919e-02
1.208446398377418518e-01
5.541614443063735962e-02
3.500724956393241882e-02
5.610043928027153015e-02
3.790051117539405823e-02
1.484326571226119995e-01
2.841758131980895996e-01
2.166583836078643799e-01
7.963069528341293335e-02
9.301652759313583374e-02
1.082391515374183655e-01
3.220042884349822998e-01
4.122595861554145813e-02
6.648496538400650024e-02
1.909311860799789429e-01
6.012219190597534180e-02
6.102258712053298950e-02
1.372317820787429810e-01
3.485118225216865540e-02
1.992027759552001953e-01
5.218673497438430786e-02
7.713360339403152466e-02
6.906609237194061279e-02
4.076976329088211060e-02
1.156223639845848083e-01
8.995518833398818970e-02
8.972708880901336670e-02
9.050743281841278076e-02
3.099750354886054993e-02
5.459978803992271423e-02
8.578937500715255737e-02
9.075953811407089233e-02
6.830976158380508423e-02
6.668905168771743774e-02
3.057732060551643372e-02
1.386604160070419312e-01
2.096953392028808594e-01
9.310056269168853760e-02
7.769785076379776001e-02
5.404754355549812317e-02
4.985772073268890381e-02
5.421561747789382935e-02
1.313252151012420654e-01
1.298245638608932495e-01
2.157459706068038940e-01
6.275133788585662842e-02
2.285075485706329346e-01
9.377285093069076538e-02
5.572827532887458801e-02
1.497532427310943604e-01
1.255987137556076050e-01
4.908938333392143250e-02
4.501961171627044678e-02
1.750722676515579224e-01
6.802163273096084595e-02
2.815226279199123383e-02
6.204302981495857239e-02
1.752403378486633301e-01
1.513259261846542358e-01
8.301616460084915161e-02
5.368738994002342224e-02
3.901699930429458618e-02
6.057838723063468933e-02
5.598038434982299805e-02
7.365208119153976440e-02
1.184436008334159851e-01
3.539141640067100525e-02
1.403291374444961548e-01
8.737406134605407715e-02
7.737370580434799194e-02
1.114445477724075317e-01
9.332865476608276367e-02
1.140376850962638855e-01
2.141613066196441650e-01
6.263128668069839478e-02
6.810566782951354980e-02
8.975110203027725220e-02
6.853785365819931030e-02
1.311931461095809937e-01
1.264030784368515015e-01
7.809402048587799072e-02
1.297165006399154663e-01
9.924723953008651733e-02
1.031849533319473267e-01
5.295506864786148071e-02
4.248650744557380676e-02
1.767169833183288574e-01
1.305568665266036987e-01
1.113124862313270569e-01
1.253346055746078491e-01
1.015522405505180359e-01
3.595566377043724060e-02
2.052174061536788940e-01
5.677273496985435486e-02
1.827075928449630737e-01
8.929490298032760620e-02
9.402496367692947388e-02
1.075308471918106079e-01
6.080649048089981079e-02
6.882598251104354858e-02
8.825045078992843628e-02
3.438298031687736511e-02
9.673814475536346436e-02
6.602876633405685425e-02
3.950921073555946350e-02
2.883416116237640381e-01
2.019159644842147827e-01
3.663996234536170959e-02
7.983478158712387085e-02
6.399988383054733276e-02
1.504015177488327026e-01
6.120266392827033997e-02
6.365173310041427612e-02
1.398129165172576904e-01
4.483953490853309631e-02
1.113245040178298950e-01
2.364790290594100952e-01
1.762847900390625000e-01
5.985807999968528748e-02
6.098656728863716125e-02
1.076268777251243591e-01
5.544015392661094666e-02
5.302710086107254028e-02
6.748139858245849609e-02
3.576358035206794739e-02
6.654498726129531860e-02
2.401406019926071167e-01
7.056674361228942871e-02
2.018439322710037231e-01
6.386782974004745483e-02
3.880090266466140747e-02
7.017057389020919800e-02
4.934149608016014099e-02
5.010982975363731384e-02
1.777854412794113159e-01
1.130532547831535339e-01
5.452775582671165466e-02
3.751634433865547180e-02
9.071151912212371826e-02
